100|101|2|16|1|3|5848964c02|1|1516422076126
100|101|2|16|1|3|5844964002|1|1516422077149
100|101|2|16|1|3|5844960802|1|1516422078183
100|101|2|16|1|3|584095fc02|1|1516422079094
100|101|2|16|1|3|584495e002|1|1516422080118
100|101|2|16|1|3|584495d002|1|1516422081144
100|101|2|16|1|3|584495c402|1|1516422082085
100|101|2|16|1|3|584495b402|1|1516422083096
100|101|2|16|1|3|584495a802|1|1516422084112
100|101|2|16|1|3|5848958c02|1|1516422085136
100|101|2|16|1|3|5848955402|1|1516422086049
100|101|2|16|1|3|5844954402|1|1516422087082
100|101|2|16|1|3|5844952802|1|1516422088106
100|101|2|16|1|3|5848950002|1|1516422089131
100|101|2|16|1|3|584494d402|1|1516422090083
100|101|2|16|1|3|584094d402|1|1516422091095
100|101|2|16|1|3|584494c802|1|1516422092101
100|101|2|16|1|3|584494b802|1|1516422093125
100|101|2|16|1|3|5844949c02|1|1516422094155
100|101|2|16|1|3|5844948002|1|1516422095177
100|101|2|16|1|3|5844945802|1|1516422096095
100|101|2|16|1|3|5844942002|1|1516422097119
100|101|2|16|1|3|584893f802|1|1516422098152
100|101|2|16|1|3|584493cc02|1|1516422099167
100|101|2|16|1|3|584493c002|1|1516422100190
100|101|2|16|1|3|584493c002|1|1516422101112
100|101|2|16|1|3|584493f802|1|1516422102143
100|101|2|16|1|3|5844941402|1|1516422103165
100|101|2|16|1|3|5844940402|1|1516422104189
100|101|2|16|1|3|584493f802|1|1516422105213
100|101|2|16|1|3|584893cc02|1|1516422106134
100|101|2|16|1|3|584893c002|1|1516422107158
100|101|2|16|1|3|584893c002|1|1516422108180
100|101|2|16|1|3|584893c002|1|1516422109206
100|101|2|16|1|3|584893cc02|1|1516422110129
100|101|2|16|1|3|584893cc02|1|1516422111155
100|101|2|16|1|3|584893dc02|1|1516422112178
100|101|2|16|1|3|5848941402|1|1516422113617
100|101|2|16|1|3|5848943c02|1|1516422114124
100|101|2|16|1|3|5848945802|1|1516422115145
100|101|2|16|1|3|5848947402|1|1516422116169
100|101|2|16|1|3|5848949002|1|1516422117092
100|101|2|16|1|3|584c94b802|1|1516422118123
100|101|2|16|1|3|584894d402|1|1516422119139
100|101|2|16|1|3|584c94e402|1|1516422120163
100|101|2|16|1|3|584c950002|1|1516422121191
100|101|2|16|1|3|584c952802|1|1516422122111
100|101|2|16|1|3|584c954402|1|1516422123149
100|101|2|16|1|3|584c955402|1|1516422124157
100|101|2|16|1|3|584c957002|1|1516422125180
100|101|2|16|1|3|5848957002|1|1516422126228
100|101|2|16|1|3|584c957002|1|1516422127229
100|101|2|16|1|3|584c955402|1|1516422128151
100|101|2|16|1|3|5848955402|1|1516422129174
100|101|2|16|1|3|584c957002|1|1516422130199
100|101|2|16|1|3|584c958c02|1|1516422131123
100|101|2|16|1|3|5848959802|1|1516422132148
100|101|2|16|1|3|584c95b402|1|1516422133168
100|101|2|16|1|3|584c95e002|1|1516422134196
100|101|2|16|1|3|584c95fc02|1|1516422135238
100|101|2|16|1|3|5850961402|1|1516422136144
100|101|2|16|1|3|584c963002|1|1516422137161
100|101|2|16|1|3|5850963002|1|1516422138187
100|101|2|16|1|3|5850961402|1|1516422139111
100|101|2|16|1|3|5850961402|1|1516422140133
100|101|2|16|1|3|5850961402|1|1516422141260
100|101|2|16|1|3|5850960802|1|1516422142182
100|101|2|16|1|3|585095fc02|1|1516422143207
100|101|2|16|1|3|585095fc02|1|1516422144247
100|101|2|16|1|3|585095ec02|1|1516422145152
100|101|2|16|1|3|585095e002|1|1516422146174
100|101|2|16|1|3|584c95e002|1|1516422147202
100|101|2|16|1|3|584c95e002|1|1516422148121
100|101|2|16|1|3|584c95e002|1|1516422149249
100|101|2|16|1|3|585095ec02|1|1516422150272
100|101|2|16|1|3|584c95e002|1|1516422151192
100|101|2|16|1|3|584c95b402|1|1516422152217
100|101|2|16|1|3|584c958c02|1|1516422153149
100|101|2|16|1|3|584c954402|1|1516422154164
100|101|2|16|1|3|584c950002|1|1516422155288
100|101|2|16|1|3|584c94c802|1|1516422156214
100|101|2|16|1|3|584c949002|1|1516422157553
100|101|2|16|1|3|5848945802|1|1516422158155
100|101|2|16|1|3|5848943002|1|1516422159285
100|101|2|16|1|3|5848941402|1|1516422160306
100|101|2|16|1|3|584493f802|1|1516422161230
100|101|2|16|1|3|584493cc02|1|1516422162264
100|101|2|16|1|3|584493b002|1|1516422163276
100|101|2|16|1|3|5844939402|1|1516422164199
100|101|2|16|1|3|5844937802|1|1516422165252
100|101|2|16|1|3|5844935002|1|1516422166247
100|101|2|16|1|3|5848933402|1|1516422167169
100|101|2|16|1|3|5844930802|1|1516422168297
100|101|2|16|1|3|584492ec02|1|1516422169320
100|101|2|16|1|3|584492d002|1|1516422170240
100|101|2|16|1|3|584092b402|1|1516422171271
100|101|2|16|1|3|5840928c02|1|1516422172288
100|101|2|16|1|3|5840927002|1|1516422173212
100|101|2|16|1|3|5840923802|1|1516422174235
100|101|2|16|1|3|5840921c02|1|1516422175258
100|101|2|16|1|3|5840920002|1|1516422176179
100|101|2|16|1|3|584091e402|1|1516422177328
100|101|2|16|1|3|584091c802|1|1516422178324
100|101|2|16|1|3|583c91ac02|1|1516422179246
100|101|2|16|1|3|583c919002|1|1516422180163
100|101|2|16|1|3|5840917402|1|1516422181191
100|101|2|16|1|3|5840916802|1|1516422182210
100|101|2|16|1|3|5840915802|1|1516422183238
100|101|2|16|1|3|5840914c02|1|1516422184259
100|101|2|16|1|3|5840913002|1|1516422185181
100|101|2|16|1|3|5840912002|1|1516422186310
100|101|2|16|1|3|5840912002|1|1516422187228
100|101|2|16|1|3|5840910402|1|1516422188150
100|101|2|16|1|3|5840910402|1|1516422189174
100|101|2|16|1|3|584090f802|1|1516422190203
100|101|2|16|1|3|584090dc02|1|1516422191227
100|101|2|16|1|3|584090d002|1|1516422192251
100|101|2|16|1|3|583c90c002|1|1516422193186
100|101|2|16|1|3|583c90b402|1|1516422194197
100|101|2|16|1|3|583c90a402|1|1516422195221
100|101|2|16|1|3|583c909802|1|1516422196239
100|101|2|16|1|3|583c908802|1|1516422197166
100|101|2|16|1|3|5838908802|1|1516422198189
100|101|2|16|1|3|583c907c02|1|1516422199214
100|101|2|16|1|3|583c907c02|1|1516422200234
100|101|2|16|1|3|583c907c02|1|1516422201257
100|101|2|16|1|3|5838907c02|1|1516422202195
100|101|2|16|1|3|583c907c02|1|1516422203618
100|101|2|16|1|3|583c907c02|1|1516422204129
100|101|2|16|1|3|583c907c02|1|1516422205153
100|101|2|16|1|3|583c906c02|1|1516422206177
100|101|2|16|1|3|5838906c02|1|1516422207171
100|101|2|16|1|3|5838906002|1|1516422208225
100|101|2|16|1|3|583c906002|1|1516422209249
100|101|2|16|1|3|5838905002|1|1516422210273
100|101|2|16|1|3|5838905002|1|1516422211296
100|101|2|16|1|3|5838904402|1|1516422212219
100|101|2|16|1|3|5834904402|1|1516422213244
100|101|2|16|1|3|5838904402|1|1516422214268
100|101|2|16|1|3|5838904402|1|1516422215189
100|101|2|16|1|3|583c904402|1|1516422216214
100|101|2|16|1|3|583c905002|1|1516422217237
100|101|2|16|1|3|583c905002|1|1516422218159
100|101|2|16|1|3|583c905002|1|1516422219284
100|101|2|16|1|3|5838905002|1|1516422220213
100|101|2|16|1|3|5838904402|1|1516422221231
100|101|2|16|1|3|5838904402|1|1516422222255
100|101|2|16|1|3|5838903402|1|1516422223176
100|101|2|16|1|3|5838903402|1|1516422224200
100|101|2|16|1|3|5838901802|1|1516422225224
100|101|2|16|1|3|5838901802|1|1516422226249
100|101|2|16|1|3|5838900c02|1|1516422227273
100|101|2|16|1|3|58388ffc02|1|1516422228322
100|101|2|16|1|3|58388ffc02|1|1516422229321
100|101|2|16|1|3|58388ff002|1|1516422230344
100|101|2|16|1|3|58388ff002|1|1516422231267
100|101|2|16|1|3|58388fe002|1|1516422232289
100|101|2|16|1|3|583c8fe002|1|1516422233212
100|101|2|16|1|3|58388fd402|1|1516422234237
100|101|2|16|1|3|58388fd402|1|1516422235259
100|101|2|16|1|3|58388fc402|1|1516422236285
100|101|2|16|1|3|58388fb802|1|1516422237213
100|101|2|16|1|3|58388fb802|1|1516422238217
100|101|2|16|1|3|583c8fb802|1|1516422239253
100|101|2|16|1|3|58388fa802|1|1516422240233
100|101|2|16|1|3|58348fa802|1|1516422241302
100|101|2|16|1|3|58388fa802|1|1516422242225
100|101|2|16|1|3|58388fa802|1|1516422243215
100|101|2|16|1|3|58388fa802|1|1516422244270
100|101|2|16|1|3|58348f9c02|1|1516422245295
100|101|2|16|1|3|58388f9c02|1|1516422246421
100|101|2|16|1|3|58388f9c02|1|1516422247344
100|101|2|16|1|3|58388fa802|1|1516422248265
100|101|2|16|1|3|58388fa802|1|1516422249289
100|101|2|16|1|3|58388fa802|1|1516422250313
100|101|2|16|1|3|58388fa802|1|1516422251337
100|101|2|16|1|3|58388fa802|1|1516422252299
100|101|2|16|1|3|58388fa802|1|1516422253283
100|101|2|16|1|3|58388f9c02|1|1516422254308
100|101|2|16|1|3|58388f9c02|1|1516422255345
100|101|2|16|1|3|586c97c802|1|1516424205787
100|101|2|16|1|3|586c97c802|1|1516424207221
100|101|2|16|1|3|587097c802|1|1516424207653
100|101|2|16|1|3|587097ac02|1|1516424208718
100|101|2|16|1|3|587497ac02|1|1516424209753
100|101|2|16|1|3|5874979c02|1|1516424210687
100|101|2|16|1|3|5874979002|1|1516424211703
100|101|2|16|1|3|5874978002|1|1516424213207
100|101|2|16|1|3|5870978002|1|1516424213654
100|101|2|16|1|3|5870979002|1|1516424214729
100|101|2|16|1|3|5870979002|1|1516424215709
100|101|2|16|1|3|5870977402|1|1516424216730
100|101|2|16|1|3|5870978002|1|1516424217710
100|101|2|16|1|3|5870977402|1|1516424218732
100|101|2|16|1|3|5870977402|1|1516424219710
100|101|2|16|1|3|5870977402|1|1516424220796
100|101|2|16|1|3|5874977402|1|1516424221941
100|101|2|16|1|3|5870976402|1|1516424222813
100|101|2|16|1|3|5870975802|1|1516424224182
100|101|2|16|1|3|5870975802|1|1516424225307
100|101|2|16|1|3|5870974802|1|1516424225820
100|101|2|16|1|3|586c976402|1|1516424226765
100|101|2|16|1|3|5868977402|1|1516424227788
100|101|2|16|1|3|586c979002|1|1516424228893
100|101|2|16|1|3|586c979c02|1|1516424229813
100|101|2|16|1|3|586c979c02|1|1516424230838
100|101|2|16|1|3|586c97b802|1|1516424231864
100|101|2|16|1|3|587097c802|1|1516424232817
100|101|2|16|1|3|586c97b802|1|1516424233811
100|101|2|16|1|3|586c97b802|1|1516424234832
100|101|2|16|1|3|586c97b802|1|1516424235856
100|101|2|16|1|3|586c97b802|1|1516424236893
100|101|2|16|1|3|586c97b802|1|1516424237907
100|101|2|16|1|3|586c97c802|1|1516424238815
100|101|2|16|1|3|586897c802|1|1516424239852
100|101|2|16|1|3|586c97c802|1|1516424241287
100|101|2|16|1|3|586c97d402|1|1516424241796
100|101|2|16|1|3|587097d402|1|1516424242817
100|101|2|16|1|3|587097e402|1|1516424243860
100|101|2|16|1|3|587097f002|1|1516424244867
100|101|2|16|1|3|587097f002|1|1516424245904
100|101|2|16|1|3|587097e402|1|1516424246916
100|101|2|16|1|3|587497e402|1|1516424248247
100|101|2|16|1|3|587497e402|1|1516424248861
100|101|2|16|1|3|587097f002|1|1516424249810
100|101|2|16|1|3|587097e002|1|1516424250910
100|101|2|16|1|3|587497f002|1|1516424251934
100|101|2|16|1|3|587497f002|1|1516424252855
100|101|2|16|1|3|587497f002|1|1516424253882
100|101|2|16|1|3|587497f002|1|1516424254912
100|101|2|16|1|3|587497f002|1|1516424255825
100|101|2|16|1|3|587497d402|1|1516424256851
100|101|2|16|1|3|587497c802|1|1516424257873
100|101|2|16|1|3|587897ac02|1|1516424258896
100|101|2|16|1|3|587897ac02|1|1516424259920
100|101|2|16|1|3|5878979c02|1|1516424260835
100|101|2|16|1|3|5878979c02|1|1516424261869
100|101|2|16|1|3|5878979002|1|1516424262892
100|101|2|16|1|3|5878979002|1|1516424263918
100|101|2|16|1|3|5878979002|1|1516424264837
100|101|2|16|1|3|5878979c02|1|1516424265870
100|101|2|16|1|3|587897ac02|1|1516424266884
100|101|2|16|1|3|587897ac02|1|1516424267909
100|101|2|16|1|3|587497c802|1|1516424268933
100|101|2|16|1|3|587897d402|1|1516424269855
100|101|2|16|1|3|587897e402|1|1516424270887
100|101|2|16|1|3|587897e402|1|1516424271833
100|101|2|16|1|3|587497f002|1|1516424272934
100|101|2|16|1|3|5878980002|1|1516424273960
100|101|2|16|1|3|5878980c02|1|1516424274879
100|101|2|16|1|3|5878980c02|1|1516424275898
100|101|2|16|1|3|587c981c02|1|1516424276922
100|101|2|16|1|3|5880981c02|1|1516424278355
100|101|2|16|1|3|5880981c02|1|1516424278878
100|101|2|16|1|3|587c981c02|1|1516424279891
100|101|2|16|1|3|5880982802|1|1516424280914
100|101|2|16|1|3|5880982802|1|1516424281938
100|101|2|16|1|3|5880982802|1|1516424282866
100|101|2|16|1|3|5880982802|1|1516424283886
100|101|2|16|1|3|5880982802|1|1516424284939
100|101|2|16|1|3|5880982802|1|1516424286042
100|101|2|16|1|3|5880981c02|1|1516424286971
100|101|2|16|1|3|5880982802|1|1516424287981
100|101|2|16|1|3|5880982802|1|1516424288903
100|101|2|16|1|3|5880982802|1|1516424289937
100|101|2|16|1|3|5884982802|1|1516424290955
100|101|2|16|1|3|5884982802|1|1516424291880
100|101|2|16|1|3|5880982802|1|1516424292901
100|101|2|16|1|3|5884982802|1|1516424294025
100|101|2|16|1|3|5884982802|1|1516424294948
100|101|2|16|1|3|5884981c02|1|1516424295975
100|101|2|16|1|3|5880980c02|1|1516424296897
100|101|2|16|1|3|5880980002|1|1516424297919
100|101|2|16|1|3|588097e402|1|1516424299143
100|101|2|16|1|3|587c97d402|1|1516424299968
100|101|2|16|1|3|587897d402|1|1516424300887
100|101|2|16|1|3|587897c802|1|1516424302008
100|101|2|16|1|3|587897ac02|1|1516424303030
100|101|2|16|1|3|587897ac02|1|1516424304059
100|101|2|16|1|3|587897ac02|1|1516424304872
100|101|2|16|1|3|587897ac02|1|1516424305899
100|101|2|16|1|3|587897ac02|1|1516424306923
100|101|2|16|1|3|5878979c02|1|1516424307945
100|101|2|16|1|3|5878979c02|1|1516424308968
100|101|2|16|1|3|587c979002|1|1516424309993
100|101|2|16|1|3|587c979002|1|1516424310914
100|101|2|16|1|3|587c978002|1|1516424311956
100|101|2|16|1|3|587c977402|1|1516424312962
100|101|2|16|1|3|587c976402|1|1516424313986
100|101|2|16|1|3|587c975802|1|1516424314907
100|101|2|16|1|3|587c975802|1|1516424315932
100|101|2|16|1|3|5880974802|1|1516424316956
100|101|2|16|1|3|5880973c02|1|1516424317983
100|101|2|16|1|3|5884972c02|1|1516424319004
100|101|2|16|1|3|5880972002|1|1516424320031
100|101|2|16|1|3|5880971002|1|1516424320964
100|101|2|16|1|3|5880971002|1|1516424321974
100|101|2|16|1|3|587c970402|1|1516424322997
100|101|2|16|1|3|5880970402|1|1516424323929
100|101|2|16|1|3|587c970402|1|1516424324943
100|101|2|16|1|3|5880970402|1|1516424325968
100|101|2|16|1|3|587c970402|1|1516424326992
100|101|2|16|1|3|5880970402|1|1516424328017
100|101|2|16|1|3|5880970402|1|1516424328937
100|101|2|16|1|3|5880970402|1|1516424329974
100|101|2|16|1|3|5880971002|1|1516424330986
100|101|2|16|1|3|5880971002|1|1516424332010
100|101|2|16|1|3|5880971002|1|1516424332932
100|101|2|16|1|3|5884971002|1|1516424333956
100|101|2|16|1|3|5880971002|1|1516424334980
100|101|2|16|1|3|5880970402|1|1516424336006
100|101|2|16|1|3|5884970402|1|1516424336925
100|101|2|16|1|3|5884970402|1|1516424337952
100|101|2|16|1|3|5884970402|1|1516424338983
100|101|2|16|1|3|5884971002|1|1516424339997
100|101|2|16|1|3|5884971002|1|1516424341022
100|101|2|16|1|3|5884971002|1|1516424341942
100|101|2|16|1|3|5888971002|1|1516424342967
100|101|2|16|1|3|5888971002|1|1516424343991
100|101|2|16|1|3|5888971002|1|1516424345016
100|101|2|16|1|3|5888971002|1|1516424345937
100|101|2|16|1|3|5888971002|1|1516424346961
100|101|2|16|1|3|5888972002|1|1516424347997
100|101|2|16|1|3|5888972c02|1|1516424349009
100|101|2|16|1|3|5888973c02|1|1516424349930
100|101|2|16|1|3|5884974802|1|1516424350960
100|101|2|16|1|3|5884974802|1|1516424351978
100|101|2|16|1|3|5880974802|1|1516424353003
100|101|2|16|1|3|5884974802|1|1516424353924
100|101|2|16|1|3|5884974802|1|1516424354949
100|101|2|16|1|3|5884974802|1|1516424356098
100|101|2|16|1|3|5884975802|1|1516424357004
100|101|2|16|1|3|5884974802|1|1516424358022
100|101|2|16|1|3|5884974802|1|1516424358948
100|101|2|16|1|3|5884974802|1|1516424359999
100|101|2|16|1|3|5884974802|1|1516424360991
100|101|2|16|1|3|5884975802|1|1516424362118
100|101|2|16|1|3|5884975802|1|1516424363042
100|101|2|16|1|3|5884976402|1|1516424363967
100|101|2|16|1|3|5884976402|1|1516424365105
100|101|2|16|1|3|5884978002|1|1516424366008
100|101|2|16|1|3|5884979c02|1|1516424367033
100|101|2|16|1|3|588497c802|1|1516424368569
100|101|2|16|1|3|588497d402|1|1516424369608
100|101|2|16|1|3|588497e402|1|1516424370212
100|101|2|16|1|3|588497d402|1|1516424371232
100|101|2|16|1|3|588497c802|1|1516424372255
100|101|2|16|1|3|588497ac02|1|1516424373208
100|101|2|16|1|3|5884979002|1|1516424374205
100|101|2|16|1|3|5884978002|1|1516424375224
100|101|2|16|1|3|5884977402|1|1516424376146
100|101|2|16|1|3|5884977402|1|1516424377279
100|101|2|16|1|3|5888975802|1|1516424378317
100|101|2|16|1|3|5888974802|1|1516424379119
100|101|2|16|1|3|5888973c02|1|1516424380247
100|101|2|16|1|3|5888973c02|1|1516424381270
100|101|2|16|1|3|5888972c02|1|1516424382192
100|101|2|16|1|3|5884972c02|1|1516424383215
100|101|2|16|1|3|5884972002|1|1516424384244
100|101|2|16|1|3|5884972002|1|1516424385158
100|101|2|16|1|3|5884972002|1|1516424386291
100|101|2|16|1|3|5880972002|1|1516424387325
100|101|2|16|1|3|5880972002|1|1516424388131
100|101|2|16|1|3|5880972002|1|1516424389271
100|101|2|16|1|3|587c971002|1|1516424390282
100|101|2|16|1|3|588096dc02|1|1516424391233
100|101|2|16|1|3|587c96b002|1|1516424392228
100|101|2|16|1|3|587c966c02|1|1516424393255
100|101|2|16|1|3|5878960802|1|1516424394175
100|101|2|16|1|3|587895b402|1|1516424395303
100|101|2|16|1|3|5878956002|1|1516424396350
100|101|2|16|1|3|5878951c02|1|1516424397245
100|101|2|16|1|3|587494d402|1|1516424398168
100|101|2|16|1|3|5874949002|1|1516424399293
100|101|2|16|1|3|5874946402|1|1516424400318
100|101|2|16|1|3|5874943002|1|1516424401238
100|101|2|16|1|3|5870940402|1|1516424402263
100|101|2|16|1|3|587093cc02|1|1516424403289
100|101|2|16|1|3|587093b002|1|1516424404208
100|101|2|16|1|3|5874939402|1|1516424405344
100|101|2|16|1|3|5870938802|1|1516424406361
100|101|2|16|1|3|5870938802|1|1516424407181
100|101|2|16|1|3|5870937802|1|1516424408296
100|101|2|16|1|3|5874937802|1|1516424409330
100|101|2|16|1|3|5870937802|1|1516424410251
100|101|2|16|1|3|5870937802|1|1516424411275
100|101|2|16|1|3|5874937802|1|1516424412300
100|101|2|16|1|3|5870937802|1|1516424413221
100|101|2|16|1|3|5874937802|1|1516424414256
100|101|2|16|1|3|5870937802|1|1516424415270
100|101|2|16|1|3|5874937802|1|1516424416191
100|101|2|16|1|3|5874937802|1|1516424417318
100|101|2|16|1|3|5874937802|1|1516424418341
100|101|2|16|1|3|5870938802|1|1516424419264
100|101|2|16|1|3|5874938802|1|1516424420288
100|101|2|16|1|3|5874938802|1|1516424421315
100|101|2|16|1|3|5870938802|1|1516424422223
100|101|2|16|1|3|5874938802|1|1516424423247
100|101|2|16|1|3|5870937802|1|1516424424169
100|101|2|16|1|3|5870937802|1|1516424425193
100|101|2|16|1|3|5870937802|1|1516424426216
100|101|2|16|1|3|586c935c02|1|1516424427257
100|101|2|16|1|3|5870935c02|1|1516424428265
100|101|2|16|1|3|5870936c02|1|1516424429186
100|101|2|16|1|3|5870935c02|1|1516424430211
100|101|2|16|1|3|5870937802|1|1516424431235
100|101|2|16|1|3|5870937802|1|1516424432258
100|101|2|16|1|3|5874937802|1|1516424433181
100|101|2|16|1|3|5874937802|1|1516424434204
100|101|2|16|1|3|5874937802|1|1516424435233
100|101|2|16|1|3|5874938802|1|1516424436265
100|101|2|16|1|3|5878938802|1|1516424437283
100|101|2|16|1|3|5878939402|1|1516424438199